0 0.542363 0.585216 0.288740 0.324435
0 0.312709 0.512320 0.255295 0.260780
0 0.141026 0.476386 0.239688 0.377823
0 0.791527 0.505133 0.280936 0.271047
0 0.493868 0.283368 0.285396 0.349076
0 0.624303 0.876797 0.327759 0.209446
0 0.149448 0.784114 0.266800 0.240326
0 0.390171 0.854379 0.282849 0.213849
0 0.627884 0.880855 0.306921 0.193483
0 0.243230 0.324847 0.235707 0.279022
0 0.722166 0.232179 0.236710 0.293279
0 0.327984 0.197556 0.192578 0.240326
0 0.524574 0.149695 0.210632 0.258656
0 0.816449 0.726069 0.236710 0.311609
