0 0.452620 0.466119 0.178372 0.184805
0 0.430881 0.728953 0.112598 0.324435
0 0.227982 0.180698 0.101449 0.320329
0 0.314381 0.236140 0.160535 0.291581
0 0.198997 0.796715 0.103679 0.213552
0 0.364548 0.814168 0.115942 0.264887
0 0.217391 0.610883 0.129320 0.305955
0 0.169454 0.341889 0.156076 0.195072
0 0.700669 0.336756 0.070234 0.131417
0 0.637124 0.491786 0.092531 0.108830
0 0.769231 0.887064 0.075808 0.098563
0 0.704013 0.789528 0.083612 0.117043
0 0.633222 0.843943 0.071349 0.078029
0 0.911929 0.413758 0.080268 0.121150
0 0.686734 0.651951 0.073579 0.162218
0 0.787068 0.605749 0.062430 0.135524
0 0.738016 0.181725 0.084727 0.100616
0 0.615942 0.256674 0.083612 0.094456
0 0.603679 0.651951 0.054627 0.117043
0 0.616499 0.763860 0.069119 0.082136
0 0.758082 0.418891 0.095875 0.090349
0 0.628763 0.344008 0.098105 0.088843
0 0.703456 0.094008 0.075808 0.113636
0 0.837235 0.092975 0.078038 0.111570
0 0.843924 0.215909 0.086957 0.167355
0 0.872352 0.608471 0.061315 0.130165
0 0.718506 0.519628 0.065775 0.109504
0 0.813266 0.798554 0.065775 0.146694
0 0.642698 0.169421 0.065775 0.132231
0 0.298216 0.452479 0.130435 0.206612
0 0.699097 0.864562 0.074223 0.095723
0 0.158977 0.557026 0.101304 0.230143
