0 0.106466 0.187885 0.154961 0.186858
0 0.188963 0.238193 0.132664 0.164271
0 0.280936 0.306982 0.236343 0.121150
0 0.367336 0.242300 0.148272 0.172485
0 0.271460 0.186858 0.154961 0.184805
0 0.434783 0.188912 0.169454 0.197125
0 0.109253 0.496920 0.156076 0.188912
0 0.193423 0.549281 0.148272 0.170431
0 0.273133 0.611910 0.127090 0.156057
0 0.367893 0.552361 0.149387 0.168378
0 0.272018 0.501027 0.160535 0.205339
0 0.437012 0.494867 0.164994 0.193018
0 0.115942 0.811088 0.160535 0.193018
0 0.278707 0.804928 0.156076 0.180698
0 0.442586 0.809035 0.162765 0.197125
0 0.287068 0.869610 0.315496 0.104723
0 0.795987 0.874743 0.267559 0.123203
0 0.713489 0.814168 0.153846 0.195072
0 0.876254 0.813142 0.158305 0.180698
0 0.791527 0.600616 0.129320 0.158111
0 0.712375 0.546201 0.144928 0.172485
0 0.714047 0.491786 0.163880 0.195072
0 0.875697 0.494867 0.163880 0.209446
0 0.875139 0.546201 0.149387 0.180698
0 0.794314 0.297741 0.183946 0.127310
0 0.716834 0.224846 0.158305 0.154004
0 0.715719 0.181725 0.167224 0.170431
0 0.882943 0.186858 0.169454 0.184805
0 0.878484 0.233060 0.160535 0.154004
