0 0.248606 0.349076 0.171683 0.197125
0 0.152731 0.222793 0.171683 0.199179
0 0.310479 0.233060 0.152731 0.178645
0 0.239688 0.641684 0.171683 0.154004
0 0.177815 0.764887 0.197324 0.182752
0 0.151616 0.908624 0.182832 0.170431
0 0.459309 0.656057 0.142698 0.154004
0 0.415831 0.789528 0.127090 0.149897
0 0.520067 0.808008 0.134894 0.141684
0 0.461538 0.927105 0.120401 0.141684
0 0.575251 0.927105 0.129320 0.121150
0 0.814381 0.629363 0.150502 0.158111
0 0.928651 0.705339 0.131550 0.141684
0 0.806577 0.772074 0.143813 0.164271
0 0.749721 0.877823 0.130435 0.145791
0 0.664437 0.270021 0.167224 0.158111
0 0.665552 0.130390 0.198439 0.166324
0 0.827202 0.253593 0.178372 0.178645
0 0.837235 0.403491 0.185061 0.182752
0 0.667781 0.413758 0.191750 0.186858
0 0.381271 0.380903 0.178372 0.190965
