0 0.444333 0.294297 0.206620 0.287169
0 0.490973 0.565173 0.215647 0.315682
0 0.623872 0.302444 0.212638 0.307536
0 0.205617 0.380855 0.182548 0.248473
0 0.226680 0.671079 0.196590 0.250509
0 0.763290 0.490835 0.214644 0.297352
0 0.882146 0.766802 0.201605 0.250509
0 0.363591 0.917515 0.183551 0.156823
0 0.155466 0.910387 0.194584 0.175153
0 0.676028 0.688391 0.204614 0.272912
0 0.746239 0.915479 0.184554 0.164969
0 0.198094 0.125255 0.233701 0.238289
0 0.109328 0.741344 0.194584 0.228106
0 0.343029 0.494908 0.206620 0.264766
0 0.864092 0.303462 0.171515 0.240326
