0 0.460883 0.814664 0.231695 0.297352
0 0.685557 0.783096 0.231695 0.303462
0 0.141424 0.715886 0.214644 0.283096
0 0.109328 0.460285 0.192578 0.317719
0 0.294383 0.376782 0.193581 0.338086
0 0.771815 0.603870 0.271815 0.352342
0 0.689067 0.268839 0.216650 0.276986
0 0.187563 0.262729 0.190572 0.321792
0 0.407723 0.530550 0.245737 0.315682
0 0.518556 0.382892 0.210632 0.272912
0 0.880642 0.336049 0.180542 0.272912
0 0.343029 0.702648 0.214644 0.313646
0 0.202608 0.566191 0.212638 0.317719
0 0.537613 0.678208 0.212638 0.317719
0 0.362086 0.238289 0.186560 0.301426
