0 0.084754 0.089613 0.141424 0.150713
0 0.252758 0.085540 0.144433 0.146640
0 0.414243 0.087576 0.150451 0.142566
0 0.580241 0.085540 0.141424 0.138493
0 0.748746 0.084521 0.161484 0.148676
0 0.911234 0.088595 0.143430 0.148676
0 0.083751 0.252546 0.149448 0.162933
0 0.250752 0.249491 0.138415 0.152749
0 0.413741 0.254582 0.137412 0.167006
0 0.580241 0.252546 0.153460 0.162933
0 0.748245 0.258656 0.142427 0.154786
0 0.910732 0.259674 0.150451 0.156823
0 0.083751 0.419552 0.139418 0.158859
0 0.087262 0.587576 0.150451 0.148676
0 0.088265 0.750509 0.156469 0.148676
0 0.088766 0.914460 0.145436 0.142566
0 0.257773 0.911405 0.152457 0.164969
0 0.255266 0.751527 0.141424 0.158859
0 0.254263 0.580448 0.149448 0.158859
0 0.252758 0.422607 0.152457 0.164969
0 0.416750 0.428717 0.151454 0.160896
0 0.584253 0.582485 0.147442 0.142566
0 0.583250 0.422607 0.153460 0.169043
0 0.746740 0.420570 0.147442 0.152749
0 0.747743 0.581466 0.149448 0.148676
0 0.743230 0.741344 0.146439 0.146640
0 0.916750 0.578411 0.156469 0.162933
0 0.911735 0.419552 0.156469 0.142566
0 0.909228 0.747454 0.125376 0.142566
0 0.913741 0.909369 0.142427 0.152749
0 0.747242 0.912424 0.142427 0.146640
0 0.585256 0.914460 0.153460 0.150713
0 0.419258 0.909369 0.146439 0.152749
0 0.420261 0.747454 0.154463 0.158859
0 0.583751 0.748473 0.148445 0.144603
0 0.417252 0.589613 0.150451 0.144603
