0 0.208626 0.418534 0.204614 0.266802
0 0.389168 0.475560 0.170512 0.274949
0 0.550652 0.595723 0.202608 0.311609
0 0.388666 0.759674 0.201605 0.281059
0 0.746239 0.482688 0.204614 0.407332
0 0.533601 0.272912 0.224674 0.358452
0 0.168004 0.240326 0.241725 0.260692
0 0.171013 0.844196 0.179539 0.266802
0 0.878636 0.771894 0.186560 0.256619
0 0.710130 0.895112 0.204614 0.201629
0 0.330993 0.100815 0.240722 0.193483
0 0.504514 0.181263 0.190572 0.289206
0 0.772317 0.118126 0.206620 0.219959
0 0.900201 0.187373 0.171515 0.260692
0 0.895186 0.492872 0.181545 0.317719
0 0.047141 0.749491 0.086259 0.268839
0 0.041123 0.480652 0.078235 0.285132
