1 0.224388 0.274590 0.263920 0.426230
1 0.253898 0.390369 0.347439 0.510246
1 0.341871 0.418033 0.461024 0.663934
1 0.420935 0.474385 0.476615 0.649590
1 0.508352 0.513320 0.426503 0.600410
1 0.688196 0.474385 0.342984 0.584016
1 0.770045 0.548156 0.339644 0.444672
0 0.451354 0.098778 0.066199 0.083503
0 0.380642 0.092668 0.065196 0.103870
0 0.352056 0.041752 0.068205 0.079430
0 0.443831 0.032587 0.081244 0.052953
0 0.054162 0.740326 0.054162 0.071283
0 0.150953 0.813646 0.051153 0.079430
0 0.115346 0.801426 0.038114 0.083503
0 0.074223 0.808554 0.048144 0.093686
0 0.040622 0.853360 0.043129 0.089613
