1 0.505011 0.726434 0.326281 0.141393
0 0.807422 0.378819 0.026078 0.048880
0 0.831996 0.354379 0.035105 0.052953
0 0.864092 0.347251 0.029087 0.059063
0 0.889168 0.337067 0.027081 0.079430
0 0.921765 0.349287 0.028084 0.067210
0 0.821464 0.416497 0.036108 0.050916
0 0.850050 0.409369 0.025075 0.057026
0 0.874122 0.410387 0.033099 0.067210
0 0.922267 0.411405 0.029087 0.073320
0 0.965396 0.289206 0.063190 0.118126
0 0.925777 0.146640 0.048144 0.077393
0 0.938816 0.228106 0.036108 0.061100
0 0.045637 0.547862 0.077232 0.138493
0 0.890672 0.714868 0.062187 0.089613
0 0.195587 0.901222 0.066199 0.107943
