0 0.410732 0.243381 0.237713 0.446029
0 0.650953 0.199593 0.286861 0.382892
0 0.509529 0.536660 0.300903 0.478615
0 0.717151 0.741344 0.226680 0.415479
0 0.880642 0.618126 0.232698 0.454175
0 0.887663 0.156823 0.218656 0.305499
0 0.251755 0.378819 0.252758 0.472505
0 0.123872 0.735234 0.203611 0.362525
0 0.101805 0.159878 0.203611 0.311609
0 0.065697 0.447047 0.127382 0.413442
0 0.520060 0.876782 0.223671 0.238289
0 0.290873 0.083503 0.228686 0.158859
0 0.898195 0.891039 0.199599 0.209776
0 0.774824 0.399185 0.215647 0.338086
